Random seed, 7
Random seed, 5
Random seed, 10
Random seed, 6
Random seed, 9
Random seed, 2
Random seed, 1
Random seed, 3
Random seed, 4
Random seed, 8
